Frame    Convert2Gray    AdaptiveROI LineDetection   LaneTracking    EstimateMidRoad SendCMD
    0.000005    0.002928    0.000962    0.007884    0.000932    0.002940    
3    0.001965    0.000053    0.001915    
5    0.002088    
6    0.003002    
7    0.001993    
8    0.002004    
9    0.002052    0.000094    0.002010    
11    0.002914    0.000960    0.003055    0.000095    0.001918    0.000093    0.001968    0.000098    0.002073    0.000048    0.002063    0.000894    0.003055    0.001051    0.002020    
19    0.002982    0.000095    0.002084    0.000109    0.001931    
22    0.002020    0.000926    0.001895    0.001098    0.001881    0.000063    0.003077    
26    0.001962    0.000049    0.002064    
28    0.002037    0.000086    0.003114    0.001054    0.002930    
31    0.001897    0.000118    0.001940    
33    0.002052    0.000939    0.002067    
35    0.001919    0.000108    0.002070    
37    0.002975    0.000918    0.001979    0.000052    0.002927    0.000083    0.002012    
41    0.001936    0.000105    0.002113    0.000095    0.003031    0.000923    0.001905    
45    0.002943    
46    0.002084    
47    0.002907    0.000059    0.002027    0.001081    0.003017    
50    0.003003    
51    0.002968    0.001060    0.001929    0.001094    0.001930    0.001087    0.002883    
55    0.002072    0.000898    0.002025    0.000881    0.002088    
58    0.002069    0.001085    0.002021    0.000896    0.003063    0.000019    0.001895    0.000910    0.002018    
63    0.001883    0.000974    0.001989    
65    0.002031    
66    0.001881    
67    0.002064    
68    0.002079    0.000107    0.001936    
70    0.002053    0.000015    0.002938    0.000096    0.002104    0.001027    0.003069    0.000021    0.001936    
75    0.001931    0.000112    0.002081    
77    0.003067    0.000983    0.001905    0.000042    0.002057    0.000022    0.002030    0.000057    0.001966    0.001050    0.002086    0.000062    0.002938    0.001079    0.001962    0.000032    0.002079    
86    0.003043    
87    0.001975    0.000002    0.002117    
89    0.002948    
90    0.002046    0.000017    0.001972    
92    0.002050    
93    0.002106    
94    0.002090    0.000929    0.002011    0.000091    0.001906    0.001041    0.002102    
98    0.001917    0.000927    0.001955    0.001116    0.001979    0.000022    0.002997    0.000001    0.002923    0.001071    0.003020    
104    0.002927    0.000883    0.002944    
106    0.003066    0.001097    0.003026    
108    0.001991    0.000001    0.002083    0.000941    0.002095    0.001001    0.001956    0.000959    0.002020    
113    0.002072    0.000002    0.001971    
115    0.001992    0.001018    0.001947    0.000024    0.002045    0.001028    0.002950    0.000074    0.002049    0.001091    0.002014    0.000095    0.002070    
122    0.003081    0.000116    0.001991    
124    0.002035    
125    0.002007    0.000088    0.002918    0.001056    0.002886    0.000890    0.003090    
129    0.003038    0.001042    0.002917    0.000102    0.002084    0.001111    0.002119    
133    0.002946    
134    0.002002    0.000059    0.001935    0.000044    0.001927    
137    0.001935    0.000034    0.002049    0.000097    0.001927    
140    0.001993    0.000927    0.002895    
142    0.001918    
143    0.003097    0.000058    0.002947    
145    0.003003    0.000080    0.002049    
147    0.003021    
148    0.001890    0.000113    0.003042    
150    0.001970    
151    0.001960    
152    0.002961    
153    0.002086    0.000910    0.002063    
155    0.002099    0.000030    0.001973    0.001033    0.003035    0.000984    0.002094    0.000109    0.002932    
160    0.002071    
161    0.001954    0.001068    0.001897    
163    0.003020    0.000035    0.002056    
165    0.001897    0.000118    0.003087    
167    0.003037    
168    0.000987    
169    0.002890    0.000897    0.003007    
171    0.001914    0.000033    0.001915    0.000088    0.003110    0.000893    0.001968    
175    0.002946    0.000112    0.002988    
177    0.003023    0.000116    0.002952    0.001113    0.001910    0.001011    0.001933    0.000066    0.003041    0.000101    0.002116    
183    0.000999    
184    0.010086    
185    0.001982    
186    0.003051    0.001061    0.001911    0.000043    0.002958    
189    0.003961    0.000892    0.002953    0.001018    0.001887    0.000058    0.003112    0.000041    0.002003    0.000083    0.003098    0.000899    0.001921    0.001075    0.003090    
197    0.001950    0.000110    0.002079    0.001034    0.001970    0.000904    0.003058    0.000993    0.002048    0.000078    0.001981    0.000941    0.001910    0.000039    0.001908    
205    0.002999    0.001007    0.003036    
207    0.002986    0.001081    0.002096    
209    0.002071    0.000028    0.003089    0.000980    0.002087    0.000939    0.001928    0.001064    0.003046    
214    0.003041    0.000090    0.002959    
216    0.002053